47
266
163
155
127
127
126
154
160
0N
0N
1222
1250
1243
1253
1229
1230
7200N
1238
1191
0N
0N
0N
0N
0N
0N
83
84
351
83
351
0N
0N
756
1530
722
625
712
706
277
629
626
0N
0N
663
556
577
582
571
541
7200N
686
602
7200N
0N
479
512
499
512
516
502
1512
525
502
1397
0N
150
145
144
143
39
152
154
42
42
0N
0N
1168
1296
1260
2110
2060
1061
7200N
1059
1156
7200N
7200N
0N
0N
0N
0N
1642
1661
209
1687
225
231
0N
0N
0N
0N
0N
83N
83N
36
79N
36
37
0N
0N
0N
0N
0N
86N
84N
18
88N
19
0N
0N
26
23
23
27
27
27
495
28
27
513
0N
126
112
149
152
148
151
714
150
151
0N
0N
60
36
39
43
39
36
7200N
66
59
0N
0N
116
184
182
188
187
181
768
328
294
0N
71
787
810
799
815
823
743
7200N
728
7200N
7200N
711
28
26
27
26
26
53
27
28
27
26
0N
75
73
74
89
90
90
392
90
89
0N
73
646
669
603
600
604
600
1526
602
5708
1540
613
146
139
147
141
143
146
418
141
297
417
141
787
724
727
724
728
775
769
953
962
791
7200N
56
52
54
54
54
53
7200N
61
54
7200N
0N
69
4039
4039
4024
4023
4015
62
4102
4114
64
0N
0N
0N
0N
0N
910
917
1119
910
912
0N
0N
18
18
18
18
18
19
17
18
17
0N
18
0N
0N
0N
0N
910
917
1119
910
912
0N
0N
7200N
7200N
7200N
7200N
7200N
7200N
7200N
7200N
7200N
7200N
131
179
178
178
7200N
7200N
7200N
133
63
62
134
109
90
202
106
69
80
82
68
2985
7200N
0N
0N
129
96
104
97
7200N
131
244
119
99
244
99
16
13
13
13
13
13
13
14
14
13
0N
68
67
68
67
67
67
67
67
69
0N
0N
107
107
107
123
108
110
294
111
95
0N
110
257
258
259
250
250
250
250
249
249
250
250
74
67
71
67
75
72
74
76
68
0N
68
18
21
23
29
30
21
19
20
17
19
18
72
68
67
68
67
66
138
67
67
138
68
193
193
192
194
193
194
4050
193
193
0N
193
73
72
72
80
73
73
81
87
76
88
78
91
90
89
89
114
164
243
90
89
232
116
231
225
227
228
227
225
227
229
229
227
0N
1974
1973
1973
1974
1974
2786
418
2788
326
418
0N

